30 30
000010000001000010000100001000
000000000001000000010000000100
000000000000000000000000000000
000000000000100000000000000000
000010001000000000000000000000
000000000000100000000010000000
000000000000000001000000010000
000000000000100000010000010100
000001000100000001010000001001
000100000000000000000001100000
010000000000000000010000001001
000001000001000000000000000000
100000000000000000000000000100
000001000000000000000000000000
000000000000000010000000000000
001001000000100100000000000000
000000010100100100000000000000
000100100000000000000010000000
000000000000010000000000000000
000001000000000000100000000000
000001000000000000000000000000
000000000000000000000000011100
000000000000000010001000000011
000000000000000000000000000000
000000100000010000000100000000
000000000000100000000000000101
001000000000101001000000000000
000001100000000000000000000000
000000000000100000000000000000
001000001000000000000000000000
4848484848484848484848484848484848484849484848484848484848484848484848484849
48484848484848484848484848484848484849484848484848484848484848484848484848484848484848484848484848484948484848484848484848484948484848484848494948484948494848484848484849484848484848484848484848484848
49484849484848484848484848484848484848484848484848484848484848484848484848484848484848484848484849494848484848484849484948484849484848484848484848484948484849484848484848484848484848484848484849484848
48484848484849484849484848484848484848484848484948484848484848484849484848484848484848484849484848484848484848484848484848484848484849484848484848484848484848484848484848494848484949484848484848494848
48484848484848484848484849484848484948484848484848484949484848484848494848484848484848494948484848494848484948484848484848484848484848484848484848484848484848484848484848484848484848484848484848484848
48484848484848484848484848484848484848484848484848484848494848484848484848484848484848484848484848484848484848484848484848484848484848484848494848484849484848484848494948494848484848484848484848484848
48484848484848484848484848484848484848484848484849484848484848484848484948484848484848484848484848484848484948484849484848484849484848484849484848494848484848484848484948484848484848484948484848484849
48484848484848484848494948484848484848484849484848484848484848484848484848484848484948494948484848484848484848484848484848484848484848484948484848484848484948484848494848484848484849484848484849484848
48484848484849484848484848484848484848484848484948484848494948484848484848484848484848484849484848484948484848484848484848484848484848484848484848494848484948484848484948484848484849484848484848484848
49484848484848484848484848484848484848484848484848484848484848484848494849484848484848484848484848484848484848484848494848484848484848484848484848484848484948484848484848484848484848494848484848484848
48484848484848484848484849484849494848484848494849484848484948484848494948484848484848484849494848484848484848484848484848484848484848484849484948484848484849484848484848494848484848484948484948484848
48494848484948484848484849484848484848484949484849484848494848484848484848484848484848484848484848484848484848484848494849484848484848484849484848484848484849494848484848484848484848484848484848484848
49484848484848484848484848484848494948484848484848484848484848484848484848484849484849494848484848494848484848494848484848484848484848484848484848484848484848484848484848484848484848484848484848484848
48484848484848484948484848484948484848484948484849484849484848484848494948484848484848484848484848484849484848484849484849484848484848484848484948484848494948484848484848484848494848484848484848484848
48494848484848494849484848484848484848484848484849484848484849484848484848494848484848484848484948484848494848484949484848484848484848484848494848484848484848494948484848494848484848484848484848484848
48484848484948484848484848484948484848484848484848484848484848484848484848484848484849484849494848494848484848484848484948484848484848484848484848484848484848484848484848484848484848484848484848484848
48484848484849484848484848484948484848484948484848484848484848484849484848484848484848484848484848494848484848484848484849484848494848484848484848484848484848484848484848484849484948484848484848484848
48484948484848484848494848484848484848484848484848494848484848484849484848484848484848484848484848484849484848484948484848484849484848484848484848484848484848484848484848484848484848484948484848484848
48484848484848484948484848484848484848484849484848484848484848484848484848484848484849494848484848494848484848484848484948484848494848484848484848484848484848484948484848484848484848484848494848484848
48484848484848484848484848484849484848484848494848484848484848494848484848484849484849494848484848484848484848484848484848484848484848484848494848484848484848484848484848484848484848484848484848484948
48484849494948484948484848484848484848484848484848484848484848484849484848484848484948484848484848484848484848484848484848484848484849484848484848484849484948484848484849484848484848484948484848484849
48494848484848484848484948484848484948484848484849484848484848484848484948484848484849484848484949484948484848484848484848494848484848484848484848484848484848484848484848484848484848484848484848484848
49484848484848484848484848484848484848484848484848484848484848484848484848484848484849484848484848484848484848484848484848484848484848484848484848484848484848484848484948494848494848484848484848484848
48484948484848484948484849484848484848484848484848484848484848484848484848484848484848484848484848484848484848484848484848484848484849484848484848484849484848484848484848484849494948484848494848494848
48484848484848484848484848484848484848484848484848484848484848484848484848484848484848494848484949484848484848484848484848484848484848484848484848484848494848484848494848484848484848484848484848484849
49484848484848484848484848484848484849484848494848484848484848484848484849484848494848484848484848484848484849484848494948484848484848484848484848484848484848484848484848484848484848484848484848484848
48484848484848494848484848484848484948484848484848494848494848484948484848484848484848484848484849484848484848484948484848494848484848484848484849484848484848484848484848484848484848484848494848494848
48484849484849484848484848484848484848484848484848484848484848484948484848484848484848484848484848484849484848484848484848484848484848484848484848484848484948484848494848484848484848484848484848484848
48484848484848484848494848484848494848484848484848484848484848484849484848484848484848484848484848484848484948484848494848484848484848484848484848484848484849484848484848484848484849484848484848484848
48484848484848484848484848484848484848484848484848484848484848484848484949484848484848494848494948484848484848484848494848484848484848484848484848484848484848484848484848484848484848484848484848484848
49484848484848484848484848484849494848484848484848484848484848484848484848484848484848494848484848484848484848484848484848484848484848484849484848484848494848484848484848484848484848484849484848484848
48484848484848484849484848484948484848484848484848484848494848484848484848484848484848484948494848494848484848484848484848484848484848484848484848484948484848484848484848484848484848484848494848484948
48484848494848484848484848484848484948484848484848484848484848484848484848484848484849484848494848484849484848484948484849484848484848484848484848484848484848484848484848484848484848484849484848484848
48484848484848484848484948484848484848484848484848484948484848484848484848484949484848484848484848484948484848484848484848484848484848484848484849484849484848484848484848484848494849484848484848484848
49484848484848484848484848484948484849484848484848484848484848484848484848484848484848484848484848484848484848484848484848484848484848484848484848484848484848484848484849494848484848484948484848484848
48484848484848484848484848484848484848484848484848484849484848484848484848484848494848484848484849484948484848494948484848484948484848484848494848484848484848484848484948484848484848484848484848484849
48484848484848484848484848484848484848484848484848484848494848484848484949484848484848484848484848484848484848484848484848484848484848484848484948484848484848484848484849494948484848484848484848484848
48484848484849484848484848484848494848484848484848484948484848484948484848484848484848484848484848484848484849484848484849484848484848484848484848484848484848484849484848484848484848484849484848484848
48484849484848484849484848484848484849484848484848484848484848484948484849484848484948484848484848484848484848484848484948484848484848484848484848484848484848484848484848484848484848484848484848484848
48484848484848484848484848484949484848484848484848484848484848484848484848484948494849484848484849484848484949484948484948484848484848484848484848484848484848484848484848484848484848484848484948484848
48484848484948484848484848484848484849484848484848484848484848484848484848494848494948484849484948484848484848494948484848484848484848484848484848484848484848484848484848494848484948484848484848484848
48484849494848484848484848484848484848484848484849484848484848494849484849484848484848484848484948484849484848484949484848484848484848484848484849484848484848484848484848484848484848484948484848484848
48484948484848484848484848484848484848484848484948484848484849484848484849484848484848484848494848494848484848494848484948484848484848484848484848484848484849484848484848484848484848484849494848484848
48494848484848494848484848484948484848484848484848484848484848484848484948484948484848484848484848484849484848484849484848484848484848484848484848484848484848484848484848484848484848484848494848484848
48484848494848484848484848484848484848494948484848484848484848484848484848484848484848484848484848484848484849484848484948484848484848484948484948484848484848484848484848484848484848484948484948484848
48484848484848484849484848494848484848484848484848494948484848484848484848484948494848484848484848494849484848484849494848484848484848484848484848484848484848484848484848484848484848484848484848484848
48484848494848484848484849484848484848484848484848484848484848484848484848484848484848494848484848484848484848494848484848484848484848484849484848484849494848484848484849484848484848484848484848494848
49484848494848484949484848494848484848494848484848484848484848484848484848484848484848484848484848484848484848484948484849484848494948484849484848494848484848484848484849484848494848484848484848494848
48484848484848484848484848484848484848484948484848484948484848484848484848484848484848484948484848484848484848484848484848484848484848484848484848484848484848484848484848484848484848484948484848484848
48484848484848484848484848484848484848494848484848484948484848484849484848484848484848494848484848484948494848484848484848484848494848484848484848484848484848484848494848484849484848494848484948484849
48484848484848484848484848484948484848484848484848484848484848484849484848484849484848484848484848484848484848484848484848484848484848484848484848484849484848484848484848484848484848484948484848484848
48494848484848484848484848484848484848484849484848484848484848484849484849484848484948484948484848484848484848484848484848484848494848484848484848484848494948484848484848484848484848484848484848484849
48484949484848484848484849484848484848484848484848484848484848484848494949484848484848484848484848484848484849484848494848484949484848484849484848484848494848484848494849484848484948484848484848484849
48484848484848484848484848484848484848484948484849484848494848494848484948484848484948484848484948484848494848484849484848484848484848484849494848484848484848484848484848484848484848484848494848494849
48484848494848484849484848484848484848484848484848484848484948484849484848484848484848494848484848484848494848494848484848484849494848484848484948494848484848484848484848484848484848484948484948484848
48484848484848484848484848484848484848484848484848494849484848494948484848484848484848484849484848484848484848484848484848484849484848484849484848484848484848484848484848484848484848484848484848484848
48484848484848484848484848484948484849484848484848484948484848484848484848494848484848484849484848484848484848484848484848484848484948484848484848484848484848484848484848484848484848484848484848484848
48484849484848484848484848484848484849484848484849484848484848484848484848484848484848484848484848484848484848484848484848484848484848484848494848484848484848494848484848484848484848484848484848484848
48484848484949484848484848484848484848484848484848484848494848484848484849484848484848494849484848484848484848484848484848484848484948484848484848484849484848484849484848484848484848484848484848484848
48484848484848484848484848484848484848484848484848484848494848494848494848484848484848484848484848494848494848484848484948484848484848484848484948484848484848484848484848484848484849484848484849484848
48494948484848484848484848484948484848484848484848484848484949484848484948484848484849484848484848484848484848484848484848484848484848484848484848484848484848484848484848484848484848484848484848484848
48484948484848484848484848484848494848494848494848494848484848484848484848484848484848484848484848484848484848484848484848484849494848484848484848484848484848484848484848484848484849484848484948484848
48484848484848484848484848484848484848484848484848484848494848484848484848484848484848484848484848484848484948484848484848484848494948484849484948484848484848484848484848494848484848484848484848484848
48484848484948484848484948484848484848484848484848484848484848484848484848484848484848484848484848484948484848484848484948484848484848484849484848484848494848484848484848484848484848484848484948484848
48484848484848484848484848484848484848484848484848484948484848484848484848484848484848484848484848484848484848484848484848484848484848484848484848484848484848484849484848484948484848484848484848484848
48494849484848494848484848484848484948484848484848484848484848484948484848484848484848484948494848484848484848484848484848484848484848484848484848484848484848484848484848484848484848494848484848484848
48494848484848484848484848484848484848484848484848494848484849484848484848494948484848484848484948484849484848484848484848484948484848484948484848484849484848494848484848484848484848484849484848484848
48484848484848484948484848484848494848484849484848484848484848484849494848484848484848484848484848484848484848484848484848484848484848484848494948484849484848484848484848484848484848484848484848484848
48484848484848484848494848484848494848484848484848494848494849484849484848484848484848484948484848484848484848484849484848484948484849484849484849484848484848484848494849484848494849494848484848484848
48484848484948494848484848484948484848484848494848484848484849484849484848484849494848494948484948484848484848484848484849494848484948484848484848484848484848484848484849484849484848494849484848484848
48484848484848484948484848484848484848494848484848484849494848484848484948484848484849484848494848484848484848484848484848484848494848484849484848484848484848484848484848494848484849484848484848484848
48484848494848484849494848484848484848484848484848484848484848494848484848484848484948484849484848484848484848484848484848484848484848484848484848484848484848494848484848484848494848484848484848484848
49484848484848484948484849484948484848484848484848484848484848484849484848484848484948484848484948484848484848484848484848484848484848484848484848484848484948484848484849484848484848484948484848484848
48484848484848484848484848484848484848484848484848484848484848484848484849484849484848484848484848484848484848484848484848484848494848484848484848494848484849484848484849484848484848484848484848484848
48484948484848484948484848484848484848484848484848484849484848484848484848484848484848484848484948484848484849494948484848484848484848484848484848484848484849484848484848484848484848484848484848484948
48484948484848484948484848484849484848484848494848484848484849484848484848484848484848484848484948494848494848484849484849484848494848484848484849484848484848484848484848494948484849494848484848484948
48484848484848484948484848484848484948484848484848494848484849484848484848484849484848484848484848484948484848484848484948484848484848484848484848484848484848484848484848484848484848484848484848484848
48484848484848484849484848484848484848484848484848484848484848484948484848484848484848494848484848484848484849484848484848484848484848484848484848484848484848484848484848484948484848484848484848484848
48484848484848484948484848484848484848494848484848484848484848484848484848484848484848484848484848484948484848484848484848484848484848484848484848484848484848484848484848484848484848484848484848484848
49484848484848484849484848484848484848484849494848484848484849484848484848484948484848484848484948484948484848494848484848484848484848484848484948484849484848484848484848484848484848484848484848484849
48484848484848484848484848484848484849484848484848484848484848484849484848484848494848484848484848484848484848484849494948484848494948484848484848484848494849484848484848484848484848484848484848484848
48484948484948484848484848484848484848484948484848484848484848484848484848484848484848484848484849484848484848484848484848484848484848484848494848484848484849484848484848484848484848484849484848484849
48484848484848484848484849484948484848484948484848484848484848484848484848484848484848484848484848484848484848484848484848484848484848484849484848484848484848484848494848484848484848484848484848484849
48484848484848484848494848484848484849484848484848494848484849484848484849484848484848484848484848484848484948484849484848484948484848484848484948484848484848484848484848484948484848484848484848484848
48484848484848484848484848484848484848484848484848484948484848484848484848484848484848484848484848484848484848484848484848494848484848484848484848484849484848484849484848484848484948494848484848484948
48494848484948484849484848494848484948494948484849484848494848484848484848494949484848484848484848484849494848484848484848484849484848484948484848484848484848484848484848484848484848494848484849484848
48484848484848484848494848484848484848494948484848484849484848484848484848484848484848484848484848484848494848494848484848484848484848484948494848484848484948484848484848484848484848484848484848484848
48484849494848484848484848484848494848484848484848484848484848484848484848484848484848484848484848484848484848484849484848484848484848484848484948484848484848484848484848484848484848494848484948484848
48484848484848484848484848484848484848484848484848484848484849484849484848484849484948484848484848484848484848484848484848484848484848484848484848484848484848484948484848484848484848494848484848484848
48484848484848494848494848484848484848484848484948494848484848484848484848484848484848484848484848484948494848494848484848494949484848494848484848484848494848484848484848484848484948484848484849484848
48484848484848484848484848484848484848484848484848484848494848484848484848484849484848484848484848484848484848484848484848484848484848484848484848484848484848494848484848484849484848484848484848484848
48484848484848494948484848494848484848484849484848494848484848484849484848484848484848494848484848484848494848484848484848484848484849484848484948494849484848484849484948484848494848484848484848484848
48494848494948484848484848484849484848484948484848484848484848484848484848484849484848484848484849484848484848484848494948484848484948484848484948484848484848484848484849484848484848484848484848484848
48484848484848484948484948484848484848484848494848484848484849484848484848484948484848484848484848484848484848484848484848484848484848484848484848484848494848484848494848484848484848484848484848484848
48484848484848494948484948484848484848484848484848484848484848484949494848484848484848484948484848484848484848484948484848484948484848484848484848484848484848484848484848484848484848484848494848484948
48484848484848484948484948494848484848484848494848484848484849484948484848484848484848484849484848484848484848484948484848484848484848484948494848484848484848484848484848484848484848494848484848484848
